
Call:
PCA(X = decathlon[, 1:10]) 


Eigenvalues
                       Dim.1   Dim.2   Dim.3   Dim.4   Dim.5   Dim.6   Dim.7   Dim.8   Dim.9  Dim.10 
Variance               3.272   1.737   1.405   1.057   0.685   0.599   0.451   0.397   0.215   0.182 
% of var.             32.719  17.371  14.049  10.569   6.848   5.993   4.512   3.969   2.148   1.822 
Cumulative % of var.  32.719  50.090  64.140  74.708  81.556  87.548  92.061  96.030  98.178 100.000 

Individuals (the 10 first)
              Dist    Dim.1    ctr   cos2    Dim.2    ctr   cos2    Dim.3    ctr   cos2   
Sebrle    |  4.843 |  4.038 12.158  0.695 |  1.366  2.619  0.080 | -0.290  0.146  0.004 | 
Clay      |  4.647 |  3.919 11.451  0.711 |  0.837  0.984  0.032 |  0.231  0.093  0.002 | 
Karpov    |  5.006 |  4.620 15.911  0.852 |  0.040  0.002  0.000 | -0.042  0.003  0.000 | 
Macey     |  3.434 |  2.233  3.719  0.423 |  1.042  1.524  0.092 | -1.864  6.034  0.295 | 
Warners   |  2.979 |  2.168  3.505  0.530 | -1.803  4.565  0.366 |  0.851  1.257  0.082 | 
Zsivoczky |  2.566 |  0.925  0.638  0.130 |  1.169  1.918  0.207 | -1.477  3.790  0.332 | 
Hernu     |  1.824 |  0.889  0.589  0.238 | -0.618  0.537  0.115 | -0.898  1.401  0.242 | 
Nool      |  3.098 |  0.295  0.065  0.009 | -1.546  3.354  0.249 |  1.355  3.189  0.191 | 
Bernard   |  2.827 |  1.906  2.709  0.455 | -0.086  0.010  0.001 | -0.757  0.995  0.072 | 
Schwarzl  |  1.971 |  0.081  0.005  0.002 | -1.353  2.572  0.472 |  0.822  1.174  0.174 | 

Variables
             Dim.1    ctr   cos2    Dim.2    ctr   cos2    Dim.3    ctr   cos2   
100m      | -0.775 18.344  0.600 |  0.187  2.016  0.035 | -0.184  2.420  0.034 | 
Longueur  |  0.742 16.822  0.550 | -0.345  6.869  0.119 |  0.182  2.363  0.033 | 
Poids     |  0.623 11.844  0.388 |  0.598 20.607  0.358 | -0.023  0.039  0.001 | 
Hauteur   |  0.572  9.998  0.327 |  0.350  7.064  0.123 | -0.260  4.794  0.067 | 
400m      | -0.680 14.116  0.462 |  0.569 18.666  0.324 |  0.131  1.230  0.017 | 
110m H    | -0.746 17.020  0.557 |  0.229  3.013  0.052 | -0.093  0.611  0.009 | 
Disque    |  0.552  9.328  0.305 |  0.606 21.162  0.368 |  0.043  0.131  0.002 | 
Perche    |  0.050  0.077  0.003 | -0.180  1.873  0.033 |  0.692 34.061  0.479 | 
Javelot   |  0.277  2.347  0.077 |  0.317  5.784  0.100 | -0.390 10.807  0.152 | 
1500m     | -0.058  0.103  0.003 |  0.474 12.946  0.225 |  0.782 43.543  0.612 | 
